{"name":"servicestationGarageComputer_area_1","class":"BeamNGGameplayArea","persistentId":"680c31d8-12aa-4d29-a7c6-6f3e47932413","__parent":"garage_interactions","position":[907.207947,-546.811157,163.645996],"rotationMatrix":[0.992069006,-0.125694394,0,0.125694394,0.992069006,0,0,0,1],"scale":[9.5,5.5,1]}
{"name":"servicestationGarageComputer_icon_1","class":"BeamNGPointOfInterest","persistentId":"3f28bcad-aecc-4add-8205-3a8720a590a1","__parent":"garage_interactions","position":[903.588684,-546.093262,163.633331],"rotationMatrix":[0.48971951,0.871880114,0,-0.871880114,0.48971951,0,0,0,1]}
{"name":"servicestationOfficeComputer_area_1","class":"BeamNGGameplayArea","persistentId":"e92cf486-c618-4986-bba4-d493cad0e1a3","__parent":"garage_interactions","position":[910.97467,-528.738647,163.668488],"rotationMatrix":[0.991818607,-0.127655059,0,0.127655059,0.991818607,0,0,0,1],"scale":[9.5,11.5,1]}
{"name":"servicestationOfficeComputer_icon_1","class":"BeamNGPointOfInterest","persistentId":"f68444b0-bb46-45c0-96d0-5962a6370b04","__parent":"garage_interactions","position":[915.44812,-535.731506,163.642303],"rotationMatrix":[0.991202474,-0.132354364,0,0.132354364,0.991202474,0,0,0,1]}
{"name":"commercialGarageComputer_area_1","class":"BeamNGGameplayArea","persistentId":"d3bfffe4-b41c-4067-a39e-562210c02bcb","__parent":"garage_interactions","position":[-216.702469,-24.6144962,121.272224],"rotationMatrix":[0.977845728,0.209326774,0,-0.209326774,0.977845728,0,0,0,1],"scale":[19.7114887,8.36337566,1.77546382]}
{"name":"commercialGarageComputer_icon_1","class":"BeamNGPointOfInterest","persistentId":"ce257972-d8fa-49fd-96a0-e0fe0c4aef25","__parent":"garage_interactions","position":[-215.866455,-26.9177074,120.886253],"rotationMatrix":[0.823291063,-0.567619503,0,0.567619503,0.823291063,0,0,0,1]}
{"name":"commercialGarageComputer_area_2","class":"BeamNGGameplayArea","persistentId":"c029221e-8e86-49dc-b5dd-fbf50925cb23","__parent":"garage_interactions","position":[-201.538162,-35.2960663,121.616417],"rotationMatrix":[-0.990787148,-0.135427475,0,0.135427475,-0.990787148,0,0,0,1],"scale":[5.40821695,4.54268551,0.957535863]}
{"name":"commercialGarageComputer_icon_2","class":"BeamNGPointOfInterest","persistentId":"839b770f-22ba-4c11-8c8d-bbb04e905edd","__parent":"garage_interactions","position":[-199.549667,-34.3802185,120.892136],"rotationMatrix":[-0.717584014,0.696472049,0,-0.696472049,-0.717584014,0,0,0,1]}
{"name":"servicestationGaragePhys","class":"BeamNGTrigger","__parent":"garage_interactions","position":[900.944885,-536.238403,163.645996],"luaFunction":"onBeamNGTrigger","rotationMatrix":[0.991251886,-0.131983921,0,0.131983921,0.991251886,0,0,0,1],"scale":[52.5010643,65.0876007,16.8433342],"ticking":true,"triggerMode":"Overlaps","triggerTestType":"Bounding box"}
{"name":"commercialGaragePhys","class":"BeamNGTrigger","__parent":"garage_interactions","position":[-225.226685,-30.2125053,120.86451],"luaFunction":"onBeamNGTrigger","rotationMatrix":[0.134216666,-0.990951836,-3.18323146e-12,0.990951836,0.134216666,-1.0130796e-05,1.00391335e-05,1.35971686e-06,1],"scale":[24.4768238,57.101944,16.4326363],"ticking":true,"triggerMode":"Overlaps","triggerTestType":"Bounding box"}
{"name":"alderDragwayGaragePhys","class":"BeamNGTrigger","__parent":"garage_interactions","position":[-189.843613,-212.391556,118.824547],"luaFunction":"onBeamNGTrigger","rotationMatrix":[0.509778857,-0.860305369,-5.45696821e-12,0.860305369,0.509778857,-1.01307951e-05,8.71558132e-06,5.16445925e-06,1],"scale":[42.6743279,25.3273659,16.4765549],"ticking":true,"triggerMode":"Overlaps","triggerTestType":"Bounding box"}
{"name":"richmotorcompanyDealerPhys","class":"BeamNGTrigger","__parent":"garage_interactions","position":[-810.644531,904.12146,74.6696243],"luaFunction":"onBeamNGTrigger","rotationMatrix":[0.00287675858,0.999996126,0,-0.999996126,0.00287675858,-1.0130806e-05,-1.01307642e-05,2.91465767e-08,1],"scale":[24.6137638,31.3223896,18.227047],"ticking":true,"triggerMode":"Overlaps","triggerTestType":"Bounding box"}
{"name":"belascoAutoDealerPhys","class":"BeamNGTrigger","__parent":"garage_interactions","position":[-703.734009,803.758057,74.9553375],"luaFunction":"onBeamNGTrigger","rotationMatrix":[0.711101711,0.703089237,-2.50111043e-12,-0.703089237,0.711101711,-1.01308078e-05,-7.12285873e-06,7.2040375e-06,1],"scale":[27.0739002,22.7474098,15.4552431],"ticking":true,"triggerMode":"Overlaps","triggerTestType":"Bounding box"}
{"name":"jerryrigsDealerPhys","class":"BeamNGTrigger","__parent":"garage_interactions","position":[-66.7196198,1.56981921,119.771423],"luaFunction":"onBeamNGTrigger","rotationMatrix":[0.665069103,-0.746781826,-6.59383659e-12,0.746781826,0.665069103,-1.01307933e-05,7.56549707e-06,6.73767227e-06,1],"scale":[20.3515396,50.6480064,17.510416],"ticking":true,"triggerMode":"Overlaps","triggerTestType":"Bounding box"}
{"name":"jeffersonmotorsDealerPhys","class":"BeamNGTrigger","__parent":"garage_interactions","position":[-404.596893,169.886642,100.355354],"luaFunction":"onBeamNGTrigger","rotationMatrix":[0.69822216,-0.715881109,4.15056547e-06,0.715881109,0.69822216,-9.24151118e-06,3.7178072e-06,9.42393945e-06,1],"scale":[20.3661213,37.8916359,15.8265867],"ticking":true,"triggerMode":"Overlaps","triggerTestType":"Bounding box"}
{"name":"dinerShopsPhys","class":"BeamNGTrigger","__parent":"garage_interactions","position":[-607.764893,124.136864,101.792419],"luaFunction":"onBeamNGTrigger","rotationMatrix":[0.706761181,-0.707452178,-9.09494702e-12,0.707452178,0.706761181,-1.01307824e-05,7.16705108e-06,7.1600366e-06,1],"scale":[32.5292892,124.921349,18.1258583],"ticking":true,"triggerMode":"Overlaps","triggerTestType":"Bounding box"}
{"name":"quarryDealerGaragePhys","class":"BeamNGTrigger","__parent":"garage_interactions","position":[833.636169,-530.558044,163.645996],"luaFunction":"onBeamNGTrigger","rotationMatrix":[0.998173654,-0.0604095012,0,0.0604095012,0.998173654,0,0,0,1],"scale":[53.7784958,71.6494446,16.8433342],"ticking":true,"triggerMode":"Overlaps","triggerTestType":"Bounding box"}
