{"name":"servicestationZonePhys","class":"BeamNGTrigger","__parent":"garage_interactions","position":[901.232361,-542.020691,163.524033],"luaFunction":"onBeamNGTrigger","rotationMatrix":[-0.996361971,0.0852194056,-3.86512369e-07,-0.0852194056,-0.996361971,-1.01234273e-05,-1.24781889e-06,-1.00536618e-05,1],"scale":[51.7499466,55.8912086,15],"triggerColor":[255,255,255,45]}
{"name":"commercialZonePhys","class":"BeamNGTrigger","__parent":"garage_interactions","position":[-219.388107,-30.3650455,120.866989],"luaFunction":"onBeamNGTrigger","rotationMatrix":[-0.990916371,-0.134480625,-2.58850719e-06,0.134480625,-0.990916371,-9.79453125e-06,-1.24781923e-06,-1.00536645e-05,1],"scale":[68.4474869,26.3650093,15],"triggerColor":[255,255,255,45]}
{"name":"alderDragwayZonePhys","class":"BeamNGTrigger","__parent":"garage_interactions","position":[-198.519394,-202.274887,118.749878],"luaFunction":"onBeamNGTrigger","rotationMatrix":[-0.856995821,-0.515323043,-2.50843027e-06,0.515323043,-0.856995821,-9.8153414e-06,2.90835692e-06,-9.70436122e-06,1],"scale":[19.5672188,20.6298466,15],"triggerColor":[255,255,255,45]}
{"name":"servicestationGarageComputer_area_1","class":"BeamNGGameplayArea","persistentId":"680c31d8-12aa-4d29-a7c6-6f3e47932413","__parent":"garage_interactions","position":[907.207947,-546.811157,163.645996],"rotationMatrix":[0.992069006,-0.125694394,0,0.125694394,0.992069006,0,0,0,1],"scale":[9.5,5.5,1]}
{"name":"servicestationGarageComputer_icon_1","class":"BeamNGPointOfInterest","persistentId":"3f28bcad-aecc-4add-8205-3a8720a590a1","__parent":"garage_interactions","position":[903.588684,-546.093262,163.633331],"rotationMatrix":[0.48971951,0.871880114,0,-0.871880114,0.48971951,0,0,0,1]}
{"name":"servicestationOfficeComputer_area_1","class":"BeamNGGameplayArea","persistentId":"e92cf486-c618-4986-bba4-d493cad0e1a3","__parent":"garage_interactions","position":[910.97467,-528.738647,163.668488],"rotationMatrix":[0.991818607,-0.127655059,0,0.127655059,0.991818607,0,0,0,1],"scale":[9.5,11.5,1]}
{"name":"servicestationOfficeComputer_icon_1","class":"BeamNGPointOfInterest","persistentId":"f68444b0-bb46-45c0-96d0-5962a6370b04","__parent":"garage_interactions","position":[915.44812,-535.731506,163.642303],"rotationMatrix":[0.991202474,-0.132354364,0,0.132354364,0.991202474,0,0,0,1]}
{"name":"commercialGarageComputer_area_1","class":"BeamNGGameplayArea","persistentId":"d3bfffe4-b41c-4067-a39e-562210c02bcb","__parent":"garage_interactions","position":[-216.702469,-24.6144962,121.272224],"rotationMatrix":[0.977845728,0.209326774,0,-0.209326774,0.977845728,0,0,0,1],"scale":[19.7114887,8.36337566,1.77546382]}
{"name":"commercialGarageComputer_icon_1","class":"BeamNGPointOfInterest","persistentId":"ce257972-d8fa-49fd-96a0-e0fe0c4aef25","__parent":"garage_interactions","position":[-215.866455,-26.9177074,120.886253],"rotationMatrix":[0.823291063,-0.567619503,0,0.567619503,0.823291063,0,0,0,1]}
{"name":"commercialGarageComputer_area_2","class":"BeamNGGameplayArea","persistentId":"c029221e-8e86-49dc-b5dd-fbf50925cb23","__parent":"garage_interactions","position":[-201.538162,-35.2960663,121.616417],"rotationMatrix":[-0.990787148,-0.135427475,0,0.135427475,-0.990787148,0,0,0,1],"scale":[5.40821695,4.54268551,0.957535863]}
{"name":"commercialGarageComputer_icon_2","class":"BeamNGPointOfInterest","persistentId":"839b770f-22ba-4c11-8c8d-bbb04e905edd","__parent":"garage_interactions","position":[-199.549667,-34.3802185,120.892136],"rotationMatrix":[-0.717584014,0.696472049,0,-0.696472049,-0.717584014,0,0,0,1]}
